38365
265965
188765
501444
259626
246806
367410
545334
186356
379788
4202
537519
154969
297491
415888
175102
461677
291216
234781
425735
30994
466257
424940
520843
69333
531483
48930
168246
462504
476873
425568
3250
291117
270494
534635
492017
245137
389038
28211
360318
218790
27122
110214
429788
359553
546221
371094
536807
194384
109200
515292
294337
21941
222074
462375
260536
278985
143441
147895
294914
146598
269877
284908
266485
438424
454004
167559
17361
53885
312527
548091
199628
183483
502784
69693
320405
89000
277567
249116
154855
55387
151389
390380
369615
