278616
211817
298715
288224
1350502
78569
4021465
172648
67090
595660
352935
98450
274641
992996
207403
394306
513626
513601
176776
623528
56296
146328
575379
275825
65501
986124
62093
73503
288140
40447
303072
274667
1744119
254469
3912062
279904
418346
197407
293776
280690
293520
311606
6301
55720
1093274
356232
310349
327402
2699486
521195
34461
87845
420650
877279
573408
254444
293988
20934
1400995
142045
784345
562102
84371
20412
1142434
280105
752456
394572
462658
47244
103045
13879
488790
290164
744020
461781
1215364
344348
202871
95035
274671
275820
488691
387414
201984
199550
296008
2111922
32319
575694
274668
43450
471769
269724
19534
488745
274669
473065
410204
293176
595549
202694
41008
266677
274645
956171
1110488
202158
432652
378519
57352
274718
314404
35338
298663
472141
561790
86736
176234
271358
251515
2847450
288279
105594
270422
673234
638356
79793
451986
201785
314286
280736
76297
282329
66727
268291
201999
500727
97752
48460
207124
321524
181844
284096
201783
294216
286422
269956
43591
155636
217135
273431
1492195
344405
311033
718584
57908
57484
206220
1454157
120895
544648
295007
86176
200458
311610
1184371
216635
205736
313702
197537
3829039
57236
982675
269642
3800908
300249
380936
268954
202152
469149
202164
993467
202002
549913
267069
394073
198433
199943
554681
3976835
2157268
35087
3165024
1267748
153708
561778
299393
1822534
280118
298774
260861
30216
271718
269154
488333
566930
299372
202020
394177
22667
186747
3229470
180463
115861
543288
101486
1351965
458273
89382
20545
952081
598004
309499
275872
601221
1820539
420904
197768
827183
1779692
281150
93112
471701
272349
203189
2729768
285962
55676
393051
848231
136428
199939
599059
57210
784249
281710
874512
157913
892077
91701
266453
215476
301333
82076
271141
2749221
197713
1118469
197851
347462
202569
296853
40446
686064
288277
180795
386558
843397
378073
204072
532743
282881
691282
195048
434085
271359
492416
78520
439514
254759
201995
52180
149893
19525
386189
216458
297835
280829
931919
202027
240201
274677
296550
57901
588998
267208
313287
201901
211735
1755607
382300
314301
22593
139526
146785
557680
52690
200479
48467
311491
299785
2291840
56308
1045405
196771
488628
985211
638227
1040849
124112
266364
481968
624612
395810
488729
453211
77273
256410
286124
651045
590290
545995
120786
637856
125274
1080581
478857
659010
236220
1318863
198977
202543
3484302
212446
296001
83665
55080
152670
165743
1125885
3942580
107508
208256
347365
293397
78202
535540
208434
299241
306221
1357041
202141
286630
123405
314480
699194
30505
630783
275846
188842
203939
952664
383311
60175
149011
459812
281157
617408
267674
971670
311612
313894
275841
2157276
377064
22965
184901
464526
459291
201614
182984
268861
265952
312333
680207
202143
269134
286418
202602
