62324
238742
25620
26659
140304
129285
57607
15576
146117
3182
68992
214109
248223
28140
130374
120849
129885
155828
239960
231707
101145
177701
13078
137385
4695
199494
142990
198520
97552
45388
3842
240546
163910
19246
216335
6992
273876
18412
86393
16356
221431
253663
186905
208404
279115
70126
143578
277384
154213
78331
88176
18037
68295
146744
209545
266488
51016
16006
96387
53085
145822
91135
258580
116004
37628
7621
95793
67762
8704
255117
75122
195085
35930
200687
134410
124179
184125
12121
221742
39982
154525
248115
253029
67816
85309
139924
158568
226411
62315
43592
239595
173905
148263
153900
5736
263558
14246
215425
259815
14344
97784
239313
27115
94775
268648
16791
208209
177724
169334
224434
227430
91168
98309
89073
80107
47649
115825
140485
32916
220953
162506
118557
93301
96705
2401
211401
93638
215344
210251
2178
275469
94264
280673
194981
155882
177176
164190
123814
276341
104881
34619
212572
189539
131719
177985
221176
54871
44606
258136
126531
163236
75909
167879
52389
11016
105607
96753
204065
268445
159583
160241
100384
100074
28123
31871
8825
120273
73032
14324
109328
122251
141315
231730
138190
206588
249387
119069
218203
170015
913
227592
269198
74994
155303
224029
238429
203842
247702
82031
25575
272690
7695
140823
245744
222614
268030
101476
31826
886
68059
76809
193027
169789
80463
56088
104106
99486
5898
92111
79433
215972
119479
52032
123700
218081
35913
231378
252035
143548
270880
234704
186750
77694
57149
99179
28946
91686
149020
21353
251990
80336
116072
203887
281728
102512
84219
150873
213132
180357
133797
31578
112680
252767
79412
225872
70474
105337
8191
13409
131684
9404
126829
33539
70438
65580
149638
262489
218622
216660
14467
178803
11209
126779
80321
66694
59040
157064
239085
229304
13205
249496
261697
88563
125521
250200
24279
266327
187821
113942
161494
224095
266067
197
270485
25635
258143
130346
129038
36090
254292
242408
143428
215965
281007
262038
63131
165669
75952
15010
174833
278083
106369
270659
182085
501
150782
19772
272816
278218
235469
162272
279846
135564
58476
187346
139062
68047
208906
229846
95434
168397
39798
226005
161619
32104
191659
218460
93879
