61214
549479
189601
611251
601834
257603
619733
257492
257625
539542
257351
257497
539541
184150
451144
105736
377723
169790
440296
601833
451143
119424
451146
643853
257572
515037
444392
258115
438817
257339
463003
258056
451150
451135
60485
202521
515279
451020
257588
171116
655971
175003
257560
257631
208016
571468
451086
589713
454423
255518
256741
424763
441028
65316
109883
64498
50937
257009
670081
62280
434168
61273
438238
257061
371612
670847
369291
105205
208397
440311
257562
257641
433179
576718
64417
255497
142527
210305
257202
257789
204958
553581
60479
616525
257523
405733
448349
404456
257627
197476
197435
105816
445449
383751
257614
680319
189616
255545
208584
209745
257186
257350
257817
142538
372775
186968
142900
65122
61184
191167
257971
525432
210142
256957
187349
489794
401873
257716
432135
406520
500671
679491
539551
257645
548797
439661
451088
257592
629221
257539
257501
608058
257763
61016
448537
64770
257673
257656
62185
257546
209936
544858
539546
417520
257541
166434
257334
618965
257333
496452
457172
197460
170627
656166
460644
210376
257574
257775
255500
257154
257734
457220
514128
257004
450334
257582
403841
451145
258016
256341
257225
679567
257777
255782
634526
257137
437953
540562
461560
62466
457173
377514
442897
257669
446696
450675
169946
174220
257507
317663
257652
383095
256968
450515
170670
491069
433180
259835
623596
255665
538396
125476
257005
163105
523680
453060
119422
385630
257726
61820
256154
257665
572502
185838
472351
457174
257515
464356
199892
431834
257000
670931
418757
24
259836
600682
403995
50420
257732
257525
117735
117856
257848
118883
257340
257346
186879
596562
451138
64929
502438
257578
257941
62407
257784
445538
630249
168800
258014
479238
257761
461354
62598
101445
257157
546636
399839
257828
637815
258036
255639
641637
354425
257348
444343
670083
550840
375475
449553
189600
257517
474160
455414
466152
257810
386523
601835
444383
257601
510642
257494
257488
257123
656104
257503
61004
499656
61030
448426
124029
257675
611607
257580
542082
257822
627285
441563
554699
257511
539553
610250
554730
257866
256859
257806
257233
255663
451107
257207
51430
441587
173371
451152
441625
430966
173847
450889
386091
595516
259939
257329
461311
210039
618843
255417
433178
104931
257654
679522
601832
129500
257147
210375
257349
438461
257660
648067
375375
589488
257509
60987
432447
257088
104941
254913
257586
536676
257298
668448
257141
50661
257544
257322
170688
474333
514542
257214
420254
257313
445790
254912
420901
405834
62052
257567
432136
614151
257008
62098
417965
319345
257213
406212
118188
354940
257876
461453
431881
665513
586431
457180
257724
457179
440474
462728
369470
256943
460928
677357
457575
257537
257712
257332
602155
257130
577008
257327
256420
630149
440433
