1542
289120
236677
262894
272985
153970
319621
111210
153973
309669
110644
112618
309649
20362
26056
88524
1276
135
16961
272580
26023
93643
26165
240005
153943
290662
23278
191271
25130
52389
254370
191270
26167
25521
762
240077
291186
5140
153967
267
324915
107468
149431
153975
9963
287215
4406
256305
243495
26625
29875
88526
18281
5334
90570
45
75737
36367
12286
7643
21277
56542
20765
36404
88108
324485
88522
88523
10039
18265
149435
153976
53928
314969
5683
26496
88528
1280
41292
174939
77720
313798
53636
319598
130849
17385
18022
63117
153974
238776
239910
39
24910
96643
153971
266501
239687
28345
11245
11766
41031
110635
174946
96576
88109
21171
97442
5434
1575
105425
191261
289128
88518
29905
226411
283930
56235
174919
25367
6396
289192
325563
313617
153978
313656
17119
4401
153968
88529
137332
116422
319486
174932
1286
17871
5518
169495
156690
6485
140329
88517
262940
313602
77006
137344
98780
48058
319602
47883
289125
247533
236681
107452
262822
3290
11830
153950
174933
26572
40857
174928
251874
289239
34182
25200
153960
62348
26164
191268
26307
43964
325433
174937
29703
323918
31924
21166
88521
252432
22030
247536
862
24053
165269
16713
25340
104965
222859
124557
8371
155655
63119
32338
25184
107443
287507
54832
73157
320226
29609
305203
1353
34210
98384
8344
242214
5559
4131
174925
1901
29873
163478
314175
16848
65648
250833
130599
261722
95961
18267
32870
325225
2009
21829
74394
261544
62969
88516
174927
130860
62349
23079
175916
13932
110646
52537
63399
318555
25717
1973
289230
153954
187082
201
174938
24399
104022
104019
191267
281507
174929
252301
1686
9071
40859
313626
63706
174978
324060
191269
29039
239968
64910
110631
5323
324367
88525
93785
25143
235854
130848
68907
245136
256311
174941
7777
279962
4555
153969
289232
111604
110652
38934
262770
116423
1155
289151
1283
6257
3636
173053
266157
153957
18373
174948
222937
14957
262440
126155
313618
243747
90574
178045
29898
174940
42536
29560
4554
42412
955
14953
222162
53257
13987
15587
222444
25347
1150
267583
73156
47587
252373
11490
319605
70980
53792
88107
155847
313731
271064
1291
39631
12001
110634
240078
158627
89968
1277
97443
125304
1273
92149
38838
19227
68903
153966
7835
43966
287504
39630
17237
139804
46384
5985
69119
290461
43050
83514
44080
19946
67289
93787
100154
2742
150153
24856
319588
35123
2981
77722
7836
43223
88527
91271
65079
179379
253012
25179
283695
317981
250832
174921
250831
14961
63122
80566
29903
3989
1298
245139
136233
174510
47813
98331
39322
316237
47349
12692
104021
16387
