687325
14674
771144
695595
836457
607059
601902
597923
187242
286867
486980
897233
180399
567758
877503
496720
907248
56777
885725
339260
173580
44972
915791
207633
675919
110745
566109
461260
851772
916308
21042
855028
129134
348960
366585
696443
734160
861998
295244
255320
735992
915504
449576
669457
551696
425669
818382
748089
704396
47468
846221
786182
71971
185958
800934
543503
452696
183501
386555
828963
719522
117868
191990
232639
417728
674790
47297
201068
537039
722083
913197
599042
244888
874270
251909
185067
348056
892488
599130
247933
374177
237805
39364
868758
12217
866946
494257
310355
573205
251007
896387
486434
336161
895034
592438
796191
577793
728494
715883
540789
758417
274045
360990
151110
218920
600479
277876
434134
856340
110673
916005
59561
768696
832371
182121
44898
596972
496573
399699
274026
49109
891025
156636
124761
208347
846943
257509
97399
772466
905363
871412
341419
411410
632357
560297
216326
396321
857468
676725
202527
181395
902558
143381
405192
673065
726853
429824
532716
846017
711196
895452
316748
177844
709248
823567
621671
265400
884006
223236
819223
69628
47363
391758
438493
230053
807662
867450
614606
57791
333446
188344
862404
795240
298511
627822
177631
587721
289887
822200
913660
39815
367008
878371
567756
649520
865971
795977
716038
597621
698532
599428
466323
632365
666220
663643
335417
760471
354640
627098
632695
656688
148819
505442
654562
504140
280246
383996
713835
227356
468736
551829
910471
243483
641704
449940
843631
175657
355906
74397
910851
885605
850567
362417
559682
799127
754732
38253
898533
889343
117244
123458
882246
735450
899299
111328
765334
112262
302494
555925
238387
108702
425770
539241
684949
387639
97175
533134
916055
810530
519530
587935
393130
565404
725829
220803
162300
568997
722763
630501
745630
226374
914663
339377
483532
550146
668403
245186
46531
172133
896264
522499
735902
897123
278022
903205
283599
762272
743472
210474
77176
751384
24976
680852
901219
173976
392160
856850
755498
903733
1536
555924
747672
438491
536428
704423
818260
240171
639651
630837
159449
533566
523068
424946
151515
427629
265063
181922
693837
120063
390334
211228
121189
253091
614831
504165
22203
894256
902873
757556
606218
122896
739446
722365
581257
527020
904004
535036
495084
209580
518971
866799
837478
909738
36292
7884
557124
397885
915226
914620
799419
485677
359648
7314
194251
592109
730848
398624
801143
305949
817585
620521
414365
665975
600769
577375
723716
831209
380544
19476
637936
306718
591499
500279
14034
477876
452291
500478
804489
796842
910923
755156
258826
328886
607952
904607
129883
667335
604497
808431
520344
500947
601913
849825
915700
226267
416117
721816
284579
621177
767282
227675
913481
163075
293131
912695
250633
834112
352975
909059
726490
