176958
277759
708654
339698
717662
104678
371166
164682
104538
734725
1067598
164518
301877
700417
176682
705286
179135
177002
182369
287960
702053
786272
1092770
320050
167981
757593
1087780
95324
1088464
163631
714292
95492
190321
188545
656503
265155
285864
180991
763048
216446
972787
211578
164830
104385
699178
720561
700042
328167
442154
241906
157639
705289
1085826
758344
706125
177077
197771
711032
161228
701433
426875
192004
722494
256515
200307
961873
705507
707743
175524
1071004
191416
104168
192968
735566
699228
175795
202277
699235
167579
101250
186751
734578
1094647
303714
1051833
167986
429903
192250
104511
749058
1118839
177072
713532
218241
104676
716031
764980
172998
373538
175131
167636
162027
100882
713693
1089109
1086743
206549
770345
176953
755861
95786
722647
260616
170520
660386
762614
191306
101700
251219
761842
820366
1074897
291545
104094
822765
421224
735565
105935
705618
191965
160689
757874
101493
178234
182589
181160
102377
103210
179479
639586
810765
799756
733071
206335
160698
1113775
164263
748270
166764
722646
753896
264204
707881
354471
181788
241981
175787
101483
1078154
1071018
101620
751542
724753
156517
1089015
391475
702448
189344
95706
198859
1070513
1039283
101443
172079
802591
697180
170699
263019
713269
700599
711192
699431
701115
102607
733198
188167
753410
214188
160679
176457
104093
194369
203824
186479
707762
721245
190658
197779
307549
174832
343347
180387
172003
360506
209270
347331
181264
699238
101678
177810
698006
103002
734755
181963
194441
713237
1066508
269999
204598
1085810
170115
1036799
213777
700727
197780
269963
1094908
1089608
101647
701034
1091723
171368
98181
700160
1052756
149632
1096243
295012
708871
213004
278982
175740
96851
198391
101268
185911
212388
263712
95744
275016
320561
314874
176951
176614
167804
734094
181840
99770
761813
95509
1089994
815314
703016
402252
181014
633924
705287
435251
701366
431482
1064079
196615
710883
269953
101170
178615
273584
716002
104691
735998
164582
795716
169754
296085
160682
178165
722387
178659
185916
1084313
102375
715186
175626
184315
100126
214300
714294
757051
1052723
736850
356925
190382
97390
697953
101218
167856
172603
700046
167864
1112628
700847
409122
189055
699551
186554
707491
282824
1084127
717579
1086727
166731
805982
174945
354218
195842
257655
1104087
104030
734895
776896
181719
168596
174666
162036
757162
103016
314596
179152
720633
160678
178474
203054
169704
1086276
412635
169758
214320
166595
749374
254436
700069
1063000
167306
699232
1099118
726225
167845
186779
212421
289369
1099803
203439
654578
177415
189525
213994
379794
1142610
177385
186757
177014
1056339
705291
218233
194461
96946
267794
769686
719605
336788
266863
101696
711458
733232
196365
217188
1060826
699897
1082021
711041
693707
101791
166696
210613
1071389
736685
168306
160561
707042
710525
